# Created by Octave 3.8.0, Sat Aug 15 20:20:20 2020 MST <sriracherla@Sris-MacBook.local>
# name: v
# type: matrix
# rows: 1
# columns: 4
 1 2 3 4


